epoch,total,physics,heat,visc,ic,bc,bc_disp,bc_flux,data,data_temp,data_disp
0,2273977.0,0.6259906888008118,0.5836860537528992,0.042304594069719315,291985.1875,9.21627183056725e+20,9.21627183056725e+20,0.0013557446654886007,227273216.0,4.830086708068848,227273216.0
1,1581703.125,0.4429614245891571,0.41302573680877686,0.029935751110315323,291936.3125,5.6933514289924905e+20,5.6933514289924905e+20,0.001352691208012402,158081984.0,4.828379154205322,158081984.0
2,706214.8125,0.27365297079086304,0.255158931016922,0.018494052812457085,291874.25,3.0113406869343044e+20,3.0113406869343044e+20,0.001355908578261733,70560816.0,4.828106880187988,70560808.0
3,346021.28125,0.19109617173671722,0.17818132042884827,0.012914855033159256,291788.8125,1.6748452487195578e+20,1.6748452487195578e+20,0.001368425670079887,34555244.0,4.827826023101807,34555240.0
4,237502.6875,0.24527506530284882,0.22869865596294403,0.016576427966356277,291701.34375,1.124114387920046e+20,1.124114387920046e+20,0.0013833764242008328,23708632.0,4.828934669494629,23708628.0
5,162122.046875,0.3040991723537445,0.28354719281196594,0.02055199258029461,291610.6875,7.535162532162857e+19,7.535162532162857e+19,0.0013993183383718133,16173988.0,4.83054256439209,16173983.0
6,106373.0625,0.2867007255554199,0.26732492446899414,0.019375795498490334,291516.5,5.365623340616647e+19,5.365623340616647e+19,0.0014065364375710487,10601356.0,4.832250595092773,10601351.0
7,28910.39453125,0.309573233127594,0.2886522114276886,0.020921049639582634,291415.15625,4.3131949997652705e+19,4.3131949997652705e+19,0.001398713095113635,2856037.0,4.8329596519470215,2856032.25
8,3500.91650390625,0.281927227973938,0.2628745138645172,0.019052740186452866,291306.0625,3.758724480017367e+19,3.758724480017367e+19,0.0013864717911928892,315792.6875,4.832701683044434,315787.84375
9,532.9728393554688,0.22092720866203308,0.20599688589572906,0.014930316247045994,291193.90625,3.2814216445486432e+19,3.2814216445486432e+19,0.0013725393218919635,19791.8359375,4.832426071166992,19787.00390625
10,2790.427001953125,0.2195180058479309,0.20468316972255707,0.014834826812148094,291077.0,2.8372440157922525e+19,2.8372440157922525e+19,0.0013606799766421318,246000.1875,4.831869125366211,245995.359375
11,2809.5849609375,0.24517661333084106,0.2286078780889511,0.016568709164857864,290951.25,2.489174258615111e+19,2.489174258615111e+19,0.0013553177705034614,248148.328125,4.830574035644531,248143.5
12,836.0809326171875,0.25743240118026733,0.24003538489341736,0.017397023737430573,290817.75,2.1772019079825064e+19,2.1772019079825064e+19,0.0013565459521487355,51061.953125,4.828769207000732,51057.125
13,555.4384155273438,0.25265824794769287,0.23558372259140015,0.017074521631002426,290678.9375,1.87477221876737e+19,1.87477221876737e+19,0.0013623898848891258,23337.88671875,4.8267436027526855,23333.060546875
14,1444.129638671875,0.23791737854480743,0.22183887660503387,0.016078485175967216,290537.03125,1.5575377154353922e+19,1.5575377154353922e+19,0.0013714736560359597,112612.140625,4.82460880279541,112607.3125
15,712.7357177734375,0.21926559507846832,0.2044474333524704,0.014818171039223671,290395.65625,1.2474417913467503e+19,1.2474417913467503e+19,0.001382885966449976,39890.234375,4.822363376617432,39885.41015625
16,435.416015625,0.20474395155906677,0.19090697169303894,0.013836978934705257,290255.0,9.67811025489363e+18,9.67811025489363e+18,0.0013956297188997269,12524.572265625,4.819925785064697,12519.751953125
17,1545.82666015625,0.18630868196487427,0.1737174242734909,0.012591256760060787,290115.6875,7.549597580519277e+18,7.549597580519277e+18,0.0014083811547607183,123884.59375,4.817500591278076,123879.7734375
18,1770.478515625,0.16850897669792175,0.15712055563926697,0.011388428509235382,289978.90625,6.023359992445272e+18,6.023359992445272e+18,0.0014184353640303016,146605.078125,4.814995765686035,146600.265625
19,728.4954833984375,0.15572501718997955,0.14520049095153809,0.010524511337280273,289844.375,4.960227905897497e+18,4.960227905897497e+18,0.0014230944216251373,42590.45703125,4.812295913696289,42585.64453125
20,323.78033447265625,0.14966066181659698,0.1395460069179535,0.010114669799804688,289712.3125,4.161701813789131e+18,4.161701813789131e+18,0.0014218552969396114,2242.32568359375,4.8095011711120605,2237.51611328125
21,754.1995849609375,0.14954565465450287,0.13943880796432495,0.010106867179274559,289582.875,3.5154311440928604e+18,3.5154311440928604e+18,0.001415651640854776,45362.39453125,4.806632995605469,45357.58984375
22,802.277587890625,0.15224945545196533,0.14195987582206726,0.010289562866091728,289456.96875,3.14275305224772e+18,3.14275305224772e+18,0.0014059767127037048,50206.53515625,4.80366849899292,50201.73046875
23,413.3548583984375,0.15287970006465912,0.1425475925207138,0.010332124307751656,289334.71875,2.940014652957917e+18,2.940014652957917e+18,0.0013957525370642543,11343.6123046875,4.800900459289551,11338.8115234375
24,349.5743408203125,0.15106867253780365,0.1408589780330658,0.010209687985479832,289215.75,2.8005624936954593e+18,2.8005624936954593e+18,0.0013866315130144358,5000.45703125,4.798426628112793,4995.65869140625
25,704.9365234375,0.14363081753253937,0.13392382860183716,0.009707008488476276,289100.8125,2.899751911538295e+18,2.899751911538295e+18,0.0013782342430204153,40575.4375,4.7961273193359375,40570.640625
26,840.302490234375,0.1357394903898239,0.1265658140182495,0.00917368195950985,288990.03125,3.039565535248384e+18,3.039565535248384e+18,0.001370458398014307,54148.59375,4.793979167938232,54143.80078125
27,553.1199951171875,0.13026084005832672,0.12145742774009705,0.0088034151121974,288884.5625,3.1258640038892667e+18,3.1258640038892667e+18,0.0013620458776131272,25459.654296875,4.791856288909912,25454.86328125
28,307.8281555175781,0.12769508361816406,0.11906507611274719,0.008630011230707169,288784.65625,3.1108391774957076e+18,3.1108391774957076e+18,0.0013519643107429147,954.7874145507812,4.789706230163574,949.9976806640625
29,423.88946533203125,0.1257847100496292,0.11728380620479584,0.008500905707478523,288689.84375,2.983377467412054e+18,2.983377467412054e+18,0.0013387284707278013,12592.7001953125,4.787352561950684,12587.9130859375
30,504.59710693359375,0.12433148920536041,0.11592880636453629,0.008402684703469276,288601.125,3.2786276755513016e+18,3.2786276755513016e+18,0.0013336101546883583,20650.076171875,4.785854339599609,20645.291015625
31,435.4817199707031,0.11885807663202286,0.1108253002166748,0.008032776415348053,288517.625,3.735905765450318e+18,3.735905765450318e+18,0.0013292062794789672,13728.5283203125,4.784387111663818,13723.744140625
32,324.59619140625,0.1115814596414566,0.10404044389724731,0.007541016675531864,288438.9375,4.217305216317391e+18,4.217305216317391e+18,0.0013240735279396176,2636.083984375,4.782824993133545,2631.30126953125
33,310.4696350097656,0.10456876456737518,0.09750168025493622,0.00706709548830986,288364.59375,4.652808852817838e+18,4.652808852817838e+18,0.0013182321563363075,1222.3828125,4.78118896484375,1217.6015625
34,391.1405334472656,0.09855145215988159,0.09189101308584213,0.00666043721139431,288294.15625,5.021746680983192e+18,5.021746680983192e+18,0.0013120308285579085,9289.7041015625,4.779551029205322,9284.9248046875
35,434.98248291015625,0.09366787225008011,0.08733748644590378,0.0063303932547569275,288227.15625,5.325749001679536e+18,5.325749001679536e+18,0.001305602490901947,13674.619140625,4.777934551239014,13669.8408203125
36,380.6434326171875,0.08967586606740952,0.0836152657866478,0.006060597486793995,288163.15625,5.574616861556867e+18,5.574616861556867e+18,0.0012991229305043817,8242.18359375,4.776360988616943,8237.4072265625
37,310.5905456542969,0.08614294975996017,0.08032111823558807,0.0058218264020979404,288101.46875,5.778380555439571e+18,5.778380555439571e+18,0.001292777364142239,1240.3543701171875,4.774842739105225,1235.5794677734375
38,307.2927551269531,0.08271230012178421,0.07712233811616898,0.005589969456195831,288041.40625,5.934896585409298e+18,5.934896585409298e+18,0.001286806771531701,918.08056640625,4.773408889770508,913.30712890625
39,348.47393798828125,0.07919087260961533,0.07383889704942703,0.005351982545107603,287982.71875,6.005427507552059e+18,6.005427507552059e+18,0.0012817508541047573,5052.62451171875,4.772168159484863,5047.8525390625
40,365.93695068359375,0.07544493675231934,0.07034610956907272,0.005098825320601463,287925.5,6.013252731806941e+18,6.013252731806941e+18,0.0012774087954312563,6822.59375,4.771067142486572,6817.82275390625
41,338.2161560058594,0.07168672978878021,0.06684189289808273,0.0048448373563587666,287869.53125,5.977650545299554e+18,5.977650545299554e+18,0.0012734842021018267,4078.4599609375,4.770040512084961,4073.68994140625
42,303.41986083984375,0.0682462677359581,0.06363394111394882,0.004612322431057692,287814.90625,5.897758930913722e+18,5.897758930913722e+18,0.0012697535566985607,629.486572265625,4.769047737121582,624.717529296875
43,302.7567443847656,0.06562299281358719,0.06118796020746231,0.0044350391253829,287761.90625,5.756406815558468e+18,5.756406815558468e+18,0.0012659418862313032,595.7247314453125,4.7680511474609375,590.9566650390625
44,327.66448974609375,0.06182511895895004,0.057646743953228,0.004178375005722046,287711.6875,5.640615596769935e+18,5.640615596769935e+18,0.001262625097297132,3122.090576171875,4.766998291015625,3117.323486328125
45,338.07598876953125,0.058153167366981506,0.05422293394804001,0.00393022783100605,287663.59375,5.463572234465444e+18,5.463572234465444e+18,0.0012591753620654345,4204.115234375,4.765914440155029,4199.34912109375
46,317.9040832519531,0.054919932037591934,0.051208194345235825,0.0037117358297109604,287617.0,5.189429351044612e+18,5.189429351044612e+18,0.0012554086279124022,2235.166015625,4.764832973480225,2230.401123046875
47,295.3682556152344,0.05213744565844536,0.04861374944448471,0.0035236983094364405,287571.59375,4.79941498448642e+18,4.79941498448642e+18,0.0012512137182056904,39.03823471069336,4.7637810707092285,34.274452209472656
48,367.1903076171875,0.049589142203330994,0.046237677335739136,0.0033514646347612143,287527.03125,4.347061057412399e+18,4.347061057412399e+18,0.001246993662789464,7283.67138671875,4.7628173828125,7278.90869140625
49,301.54541015625,0.048042841255664825,0.04479588568210602,0.003246953710913658,287482.6875,4.3739474152464056e+18,4.3739474152464056e+18,0.0012471267255023122,728.6635131835938,4.762089729309082,723.9014282226562
50,295.08563232421875,0.04675545170903206,0.04359551519155502,0.0031599318608641624,287438.59375,4.3636793510325125e+18,4.3636793510325125e+18,0.0012472296366468072,94.55726623535156,4.7614030838012695,89.79586029052734
51,299.4237976074219,0.04571552202105522,0.04262589290738106,0.0030896328389644623,287394.5,4.254589930493182e+18,4.254589930493182e+18,0.00124702462926507,548.8939208984375,4.7606987953186035,544.1332397460938
52,300.2527160644531,0.044777609407901764,0.041751377284526825,0.0030262363143265247,287350.59375,4.0512407524941496e+18,4.0512407524941496e+18,0.0012465864419937134,661.1981201171875,4.759955883026123,656.4381713867188
53,296.5195007324219,0.043742597103118896,0.04078631475567818,0.002956284210085869,287307.03125,3.769421628644e+18,3.769421628644e+18,0.0012464231112971902,325.5934143066406,4.759288311004639,320.8341369628906
54,293.1626281738281,0.04270276054739952,0.03981675207614899,0.0028860107995569706,287264.25,3.410433556076298e+18,3.410433556076298e+18,0.0012464349856600165,35.28232955932617,4.758662700653076,30.523666381835938
55,294.8670349121094,0.041660528630018234,0.03884495794773102,0.0028155744075775146,287222.59375,3.01022341819374e+18,3.01022341819374e+18,0.0012461115838959813,255.11778259277344,4.757961273193359,250.3598175048828
56,296.2660217285156,0.0404956229031086,0.03775876760482788,0.00273684854619205,287182.34375,2.9611236269437747e+18,2.9611236269437747e+18,0.0012445159954950213,409.7789001464844,4.757058620452881,405.0218505859375
57,294.2133483886719,0.03916164115071297,0.03651494160294533,0.0026466979179531336,287143.125,3.116964556774048e+18,3.116964556774048e+18,0.0012413987424224615,199.5187530517578,4.755957126617432,194.76280212402344
58,292.5723571777344,0.03782959654927254,0.03527292609214783,0.0025566720869392157,287104.4375,3.287696172579291e+18,3.287696172579291e+18,0.0012374852085486054,28.87345314025879,4.754795074462891,24.1186580657959
59,298.81915283203125,0.0369626022875309,0.03446453809738159,0.002498059766367078,287066.0625,3.417808255441699e+18,3.417808255441699e+18,0.0012325058924034238,648.7132568359375,4.753602504730225,643.9596557617188
60,292.73406982421875,0.03588337078690529,0.03345825895667076,0.002425110200420022,287027.4375,3.473660422475743e+18,3.473660422475743e+18,0.0012314938940107822,43.87725067138672,4.752758979797363,39.12449264526367
61,293.8536682128906,0.0348338708281517,0.03247968852519989,0.002354176016524434,286989.0,3.48944281238084e+18,3.48944281238084e+18,0.0012298688525334,163.35121154785156,4.7519731521606445,158.5992431640625
62,292.66986083984375,0.034449703991413116,0.03212150186300278,0.002328199101611972,286950.875,3.520355856673669e+18,3.520355856673669e+18,0.0012285857228562236,47.61223602294922,4.751188278198242,42.86104965209961
63,292.33099365234375,0.03428180515766144,0.03196495398879051,0.0023168514017015696,286913.53125,3.49428286256631e+18,3.49428286256631e+18,0.0012264112010598183,20.90888214111328,4.750439643859863,16.1584415435791
64,292.22576904296875,0.03305976465344429,0.030825499445199966,0.0022342645097523928,286875.96875,3.5053769348905697e+18,3.5053769348905697e+18,0.0012254645116627216,19.143674850463867,4.7499680519104,14.393706321716309
65,292.07025146484375,0.031909454613924026,0.029752926900982857,0.0021565300412476063,286838.9375,3.4866940333114e+18,3.4866940333114e+18,0.0012244766112416983,14.915007591247559,4.749566078186035,10.165441513061523
66,291.9051818847656,0.031043317168951035,0.02894531562924385,0.0020980043336749077,286802.375,3.42255017421439e+18,3.42255017421439e+18,0.001223092433065176,12.806856155395508,4.749147891998291,8.057708740234375
67,291.72412109375,0.03042065165936947,0.028364714235067368,0.002055936260148883,286766.3125,3.319268374092972e+18,3.319268374092972e+18,0.0012215911410748959,11.750198364257812,4.748705863952637,7.001492500305176
68,291.5868225097656,0.03013203665614128,0.028095591813325882,0.0020364399533718824,286730.4375,3.204045053060186e+18,3.204045053060186e+18,0.0012209791457280517,14.575384140014648,4.748342514038086,9.827041625976562
69,291.95233154296875,0.029676653444767,0.027670996263623238,0.0020056574139744043,286694.8125,3.130511639539876e+18,3.130511639539876e+18,0.0012201685458421707,64.31470489501953,4.747897148132324,59.566810607910156
70,294.25,0.029173510149121284,0.02720187045633793,0.001971642253920436,286659.625,2.9133297806297006e+18,2.9133297806297006e+18,0.0012171999551355839,321.83447265625,4.7472405433654785,317.08721923828125
71,291.13909912109375,0.028581267222762108,0.026649661362171173,0.001931605744175613,286624.28125,2.9827523950516634e+18,2.9827523950516634e+18,0.0012144407955929637,10.297101974487305,4.746416091918945,5.550685405731201
72,291.7097473144531,0.02838069386780262,0.026462659239768982,0.001918032648973167,286588.875,3.004268738095612e+18,3.004268738095612e+18,0.0012118866434320807,69.7553482055664,4.745612144470215,65.00973510742188
73,291.8077087402344,0.028241382911801338,0.026332782581448555,0.0019085976528003812,286553.375,2.9735973114829865e+18,2.9735973114829865e+18,0.0012096689315512776,86.86498260498047,4.744866371154785,82.1201171875
74,291.19061279296875,0.02806493081152439,0.026168273761868477,0.001896654604934156,286517.84375,2.906023250985222e+18,2.906023250985222e+18,0.0012080540182068944,36.34722137451172,4.74420166015625,31.603017807006836
75,291.0704040527344,0.02803647145628929,0.026141753420233727,0.0018947208300232887,286482.1875,2.8160733042284954e+18,2.8160733042284954e+18,0.0012072467943653464,37.02912139892578,4.743619918823242,32.28550338745117
76,290.78240966796875,0.027434561401605606,0.025580503046512604,0.001854058587923646,286446.3125,2.7551328722590106e+18,2.7551328722590106e+18,0.0012056078994646668,20.924354553222656,4.7430620193481445,16.181293487548828
77,290.5921630859375,0.027106961235404015,0.025275027379393578,0.0018319366499781609,286410.6875,2.703752419015131e+18,2.703752419015131e+18,0.0012033904204145074,12.2337646484375,4.742500305175781,7.4912638664245605
78,290.66717529296875,0.026937903836369514,0.025117376819252968,0.0018205263186246157,286375.4375,2.649661394730877e+18,2.649661394730877e+18,0.0012012809747830033,29.517574310302734,4.7419562339782715,24.775617599487305
79,290.5203857421875,0.027059877291321754,0.025231095030903816,0.0018287815619260073,286340.625,2.617731027304448e+18,2.617731027304448e+18,0.001200080499984324,20.900577545166016,4.7414679527282715,16.159109115600586
80,290.5703125,0.027196232229471207,0.025358229875564575,0.0018379971152171493,286306.46875,2.571464402641355e+18,2.571464402641355e+18,0.0011975805973634124,33.25489044189453,4.740796089172363,28.51409339904785
81,290.3276062011719,0.02698514051735401,0.025161413475871086,0.0018237244803458452,286272.875,2.5250806799899034e+18,2.5250806799899034e+18,0.00119323271792382,18.03946304321289,4.739843368530273,13.299620628356934
82,290.1121520996094,0.02663991041481495,0.024839524179697037,0.0018003868171945214,286239.5,2.46374524846814e+18,2.46374524846814e+18,0.0011882622493430972,7.6898193359375,4.73876953125,2.951049566268921
83,290.0659484863281,0.026287591084837914,0.02451101690530777,0.0017765737138688564,286206.03125,2.3883135281224745e+18,2.3883135281224745e+18,0.0011831599986180663,15.719315528869629,4.737651824951172,10.981663703918457
84,289.9867858886719,0.02604476362466812,0.024284597486257553,0.0017601661384105682,286172.5625,2.3061591188066796e+18,2.3061591188066796e+18,0.0011782036162912846,20.57996940612793,4.736539840698242,15.843429565429688
85,289.77044677734375,0.025987381115555763,0.024231085553765297,0.0017562946304678917,286139.09375,2.2184178160322478e+18,2.2184178160322478e+18,0.0011734936852008104,11.355743408203125,4.7354607582092285,6.620282173156738
86,289.5936279296875,0.026018472388386726,0.02426007017493248,0.0017583982553333044,286105.9375,2.1221976293402214e+18,2.1221976293402214e+18,0.0011688652448356152,6.453921318054199,4.734400272369385,1.719520926475525
87,289.5237121582031,0.02596818283200264,0.024213187396526337,0.0017549947369843721,286073.15625,2.0203667722506076e+18,2.0203667722506076e+18,0.0011642182944342494,13.178146362304688,4.733345985412598,8.44480037689209
88,289.4632263183594,0.025807896628975868,0.02406374178826809,0.001744151464663446,286040.71875,1.923644246183641e+18,1.923644246183641e+18,0.0011595541145652533,20.843786239624023,4.7322916984558105,16.111494064331055
89,289.2958984375,0.02557714842259884,0.023848600685596466,0.0017285500653088093,286008.21875,1.8453322176900628e+18,1.8453322176900628e+18,0.00115490413736552,16.345945358276367,4.731234073638916,11.614710807800293
90,289.0892028808594,0.02526642382144928,0.02355886995792389,0.0017075530486181378,285975.5,1.7871911423248957e+18,1.7871911423248957e+18,0.0011503065470606089,6.313253402709961,4.73017692565918,1.5830764770507812
91,289.00054931640625,0.024908587336540222,0.0232252050191164,0.0016833835979923606,285942.40625,1.7295309658579272e+18,1.7295309658579272e+18,0.001145875547081232,8.318809509277344,4.729147911071777,3.5896613597869873
92,288.86505126953125,0.024627085775136948,0.022962698712944984,0.0016643817070871592,285909.1875,1.6445503993418875e+18,1.6445503993418875e+18,0.00114200240932405,7.992738723754883,4.728224754333496,3.2645137310028076
93,288.7497863769531,0.024494731798768044,0.022839266806840897,0.0016554610338062048,285876.125,1.529705172870103e+18,1.529705172870103e+18,0.0011385900434106588,11.923980712890625,4.727392196655273,7.196588039398193
94,288.5966796875,0.02431044727563858,0.022667426615953445,0.001643018564209342,285843.34375,1.4671837806188298e+18,1.4671837806188298e+18,0.0011352082947269082,7.061222076416016,4.726596355438232,2.334625720977783
95,288.7533264160156,0.02408468723297119,0.022456927224993706,0.0016277594259008765,285810.96875,1.4305267501435453e+18,1.4305267501435453e+18,0.0011317883618175983,30.759231567382812,4.72581672668457,26.033414840698242
96,290.6535339355469,0.024202503263950348,0.02256678231060505,0.0016357200220227242,285778.53125,1.3009066987345674e+18,1.3009066987345674e+18,0.0011293961433693767,236.39710998535156,4.725066661834717,231.6720428466797
97,292.4792785644531,0.023887407034635544,0.022272998467087746,0.0016144084511324763,285746.03125,1.4904458732497797e+18,1.4904458732497797e+18,0.0011262636398896575,404.8434143066406,4.724316596984863,400.1191101074219
98,290.650634765625,0.02418786659836769,0.02255314216017723,0.001634721178561449,285713.0625,1.5816048704801997e+18,1.5816048704801997e+18,0.0011248941300436854,214.6587371826172,4.723632335662842,209.9351043701172
99,288.7197265625,0.02468039281666279,0.023012371733784676,0.0016680227126926184,285679.78125,1.614470647423959e+18,1.614470647423959e+18,0.0011235321871936321,19.142837524414062,4.722921371459961,14.419917106628418
100,289.3603820800781,0.025142978876829147,0.02344367653131485,0.0016993002500385046,285646.5,1.6237611083618058e+18,1.6237611083618058e+18,0.0011221958557143807,83.29803466796875,4.722201347351074,78.57583618164062
101,289.9111633300781,0.02540607936680317,0.023688994348049164,0.0017170850187540054,285613.53125,1.6801028329481175e+18,1.6801028329481175e+18,0.0011205453192815185,134.71957397460938,4.721590042114258,129.99798583984375
102,289.26165771484375,0.025622045621275902,0.02389037422835827,0.001731674070470035,285580.9375,1.7672649679726182e+18,1.7672649679726182e+18,0.0011190755758434534,63.23255157470703,4.7210693359375,58.51148223876953
103,288.7683410644531,0.026040174067020416,0.024280257523059845,0.0017599196871742606,285548.5,1.864548657286611e+18,1.864548657286611e+18,0.0011181614827364683,5.324872016906738,4.7205657958984375,0.6043063402175903
104,291.23193359375,0.02667052671313286,0.024868005886673927,0.0018025191966444254,285516.03125,1.9775686944562872e+18,1.9775686944562872e+18,0.0011179933790117502,240.47886657714844,4.720049858093262,235.75881958007812
105,288.8412780761719,0.026011617854237556,0.02425362728536129,0.0017579903360456228,285483.4375,1.996337495381377e+18,1.996337495381377e+18,0.0011159424902871251,6.09173059463501,4.7193779945373535,1.3723524808883667
106,288.97528076171875,0.025696180760860443,0.02395949512720108,0.0017366844695061445,285450.5625,2.032888697862488e+18,2.032888697862488e+18,0.001114726415835321,20.699504852294922,4.718714237213135,15.980791091918945
107,289.12200927734375,0.025544384494423866,0.023817947134375572,0.0017264342168346047,285417.46875,2.069998039933649e+18,2.069998039933649e+18,0.0011139647103846073,35.728755950927734,4.71805477142334,31.010700225830078
108,288.9847717285156,0.025426167994737625,0.023707719519734383,0.0017184464959427714,285384.1875,2.1007102859154555e+18,2.1007102859154555e+18,0.0011135232634842396,22.854358673095703,4.717402935028076,18.13695526123047
109,288.79681396484375,0.02530980296432972,0.023599224165081978,0.0017105767037719488,285350.71875,2.121412165721129e+18,2.121412165721129e+18,0.0011133094085380435,5.915996074676514,4.716762065887451,1.1992340087890625
110,288.81011962890625,0.02523541823029518,0.02352987788617611,0.0017055394127964973,285317.28125,2.1299207364526735e+18,2.1299207364526735e+18,0.0011131844948977232,10.112662315368652,4.716128826141357,5.396533489227295
111,288.8935241699219,0.025234529748558998,0.023529065772891045,0.0017054699128493667,285283.84375,2.1248622957701366e+18,2.1248622957701366e+18,0.0011129910126328468,22.31206512451172,4.715498924255371,17.59656524658203
112,288.81219482421875,0.025284653529524803,0.0235758014023304,0.0017088522436097264,285250.5,2.1054326883567534e+18,2.1054326883567534e+18,0.0011125952005386353,19.201448440551758,4.714869976043701,14.486578941345215
113,288.6277160644531,0.025347847491502762,0.02363472245633602,0.0017131237545982003,285217.28125,2.072417790148477e+18,2.072417790148477e+18,0.0011119047412648797,7.06252908706665,4.714239120483398,2.348289966583252
114,288.55145263671875,0.025412708520889282,0.023695193231105804,0.001717513194307685,285184.40625,2.0296074802872975e+18,2.0296074802872975e+18,0.0011108488542959094,6.679021835327148,4.713601589202881,1.965420126914978
115,288.5728759765625,0.025481363758444786,0.023759204894304276,0.0017221593298017979,285151.8125,1.9836676854555607e+18,1.9836676854555607e+18,0.0011093579232692719,16.329753875732422,4.712940216064453,11.616812705993652
116,288.5091857910156,0.025544490665197372,0.023818060755729675,0.0017264292109757662,285119.53125,1.9409278817775124e+18,1.9409278817775124e+18,0.0011073945788666606,17.149587631225586,4.712230205535889,12.437356948852539
117,288.3495178222656,0.02558812126517296,0.023858744651079178,0.0017293773125857115,285087.40625,1.9032235664767713e+18,1.9032235664767713e+18,0.0011050058528780937,7.945046424865723,4.711458683013916,3.2335879802703857
118,288.2554931640625,0.02559950202703476,0.023869358003139496,0.0017301436746492982,285055.3125,1.867535068306604e+18,1.867535068306604e+18,0.0011023279512301087,5.267597675323486,4.710626125335693,0.5569714903831482
119,288.24420166015625,0.025550412014126778,0.023823589086532593,0.0017268250230699778,285023.0625,1.830326357872083e+18,1.830326357872083e+18,0.0010995462071150541,11.326787948608398,4.70974588394165,6.617042064666748
120,288.1683044433594,0.02540927194058895,0.02369198203086853,0.0017172874649986625,284990.53125,1.7908387721500426e+18,1.7908387721500426e+18,0.0010968348942697048,11.647001266479492,4.708837985992432,6.938163757324219
121,288.0222473144531,0.025216348469257355,0.02351209707558155,0.001704253489151597,284957.84375,1.7486705770794844e+18,1.7486705770794844e+18,0.001094185863621533,5.491753578186035,4.707910537719727,0.7838432192802429
122,287.9531555175781,0.02505674585700035,0.023363271728157997,0.0016934704035520554,284925.125,1.703720067834839e+18,1.703720067834839e+18,0.0010913993464782834,7.143010139465332,4.706961631774902,2.4360485076904297
123,287.93145751953125,0.024935880675911903,0.023250579833984375,0.0016853015404194593,284892.6875,1.660358902648144e+18,1.660358902648144e+18,0.0010883117793127894,13.15978717803955,4.706001281738281,8.45378589630127
124,287.8123779296875,0.024809589609503746,0.02313283085823059,0.0016767599154263735,284860.5625,1.6229602515799245e+18,1.6229602515799245e+18,0.0010848775273188949,8.836542129516602,4.705042362213135,4.131499290466309
125,287.6986389160156,0.024692527949810028,0.023023689165711403,0.001668840181082487,284828.65625,1.587316833386496e+18,1.587316833386496e+18,0.0010811465326696634,4.804776191711426,4.704083442687988,0.1006927415728569
126,287.6604919433594,0.024586860090494156,0.02292516455054283,0.001661693793721497,284796.75,1.547881199588868e+18,1.547881199588868e+18,0.0010772787500172853,8.652174949645996,4.703120708465576,3.949054002761841
127,287.5594482421875,0.0243977140635252,0.022748801857233047,0.0016489116242155433,284764.59375,1.505586698120069e+18,1.505586698120069e+18,0.0010735612595453858,6.937600612640381,4.702155590057373,2.235445022583008
128,287.4521179199219,0.02414640597999096,0.022514473646879196,0.0016319311689585447,284732.25,1.4604951765091615e+18,1.4604951765091615e+18,0.001069855410605669,5.2034220695495605,4.701169013977051,0.5022530555725098
129,287.4147033691406,0.02388126030564308,0.02226724848151207,0.0016140133375301957,284699.90625,1.4177206007758848e+18,1.4177206007758848e+18,0.001065848395228386,10.299383163452148,4.700139045715332,5.599244594573975
130,287.3231506347656,0.023597294464707375,0.022002477198839188,0.0015948183136060834,284667.65625,1.3868610202359562e+18,1.3868610202359562e+18,0.001061409479007125,8.875856399536133,4.699063301086426,4.176793098449707
131,287.2154235839844,0.02333453856408596,0.02175748348236084,0.0015770550817251205,284635.53125,1.3651157038955233e+18,1.3651157038955233e+18,0.0010565097909420729,4.802263259887695,4.697951316833496,0.10431171953678131
132,287.1696472167969,0.023110652342438698,0.021548733115196228,0.0015619213227182627,284603.34375,1.3398769642357391e+18,1.3398769642357391e+18,0.0010511615546420217,7.0882463455200195,4.696811199188232,2.391434907913208
133,287.08245849609375,0.02294410765171051,0.021393444389104843,0.0015506659401580691,284570.96875,1.3080250744517427e+18,1.3080250744517427e+18,0.0010448775719851255,5.62486457824707,4.69561243057251,0.9292520880699158
134,287.0052490234375,0.022839652374386787,0.021296033635735512,0.001543616410344839,284538.65625,1.2715777758194565e+18,1.2715777758194565e+18,0.0010404129279777408,5.305299282073975,4.6946702003479,0.6106290817260742
135,286.953125,0.02278478443622589,0.02124486304819584,0.0015399194089695811,284506.5625,1.2317588247805952e+18,1.2317588247805952e+18,0.0010369899682700634,7.557673454284668,4.693881511688232,2.8637917041778564
136,286.8790588378906,0.022682122886180878,0.02114914171397686,0.0015329833840951324,284474.375,1.1852273552541614e+18,1.1852273552541614e+18,0.0010327700292691588,8.532628059387207,4.693006992340088,3.839621067047119
137,286.7886657714844,0.022759245708584785,0.02122104912996292,0.001538196112960577,284442.375,1.1530842323277578e+18,1.1530842323277578e+18,0.001028525992296636,5.522867202758789,4.692142486572266,0.830724835395813
138,286.80047607421875,0.022894134745001793,0.021346818655729294,0.0015473137609660625,284410.1875,1.1268509844006502e+18,1.1268509844006502e+18,0.001023722579702735,11.870569229125977,4.691187381744385,7.17938232421875
139,287.01123046875,0.02277989313006401,0.021240301430225372,0.001539592514745891,284377.21875,1.0778531728541614e+18,1.0778531728541614e+18,0.0010200582910329103,41.715824127197266,4.690281867980957,37.025543212890625
140,286.8673400878906,0.022672707214951515,0.02114034816622734,0.001532357302494347,284344.46875,1.1205602660612833e+18,1.1205602660612833e+18,0.0010148173896595836,26.863460540771484,4.689118385314941,22.17434310913086
141,286.662353515625,0.022402698174118996,0.020888587459921837,0.0015141089679673314,284311.3125,1.1179162841938657e+18,1.1179162841938657e+18,0.0010100167710334063,11.294717788696289,4.68792724609375,6.606790065765381
142,286.72314453125,0.022112615406513214,0.020618118345737457,0.0014944967115297914,284278.03125,1.0869216011626742e+18,1.0869216011626742e+18,0.0010046780807897449,25.25664520263672,4.686671733856201,20.56997299194336
143,286.5030212402344,0.022011160850524902,0.020523525774478912,0.00148763379547745,284244.8125,1.1044476103509934e+18,1.1044476103509934e+18,0.0010000698966905475,5.317841529846191,4.6855902671813965,0.6322512626647949
144,286.6053161621094,0.021903937682509422,0.020423555746674538,0.0014803834492340684,284211.5625,1.1215038531963453e+18,1.1215038531963453e+18,0.0009951986139640212,17.705785751342773,4.684505462646484,13.021280288696289
145,286.4114990234375,0.0217001810669899,0.02023356966674328,0.001466610818170011,284178.25,1.0985570455246602e+18,1.0985570455246602e+18,0.000989140011370182,4.964340686798096,4.683272361755371,0.2810685336589813
146,286.53240966796875,0.02160019986331463,0.020140348002314568,0.0014598523266613483,284144.8125,1.0723316316179005e+18,1.0723316316179005e+18,0.0009827128378674388,23.522502899169922,4.682034492492676,18.840469360351562
147,286.4136962890625,0.0216290932148695,0.020167283713817596,0.0014618111308664083,284111.09375,1.09138087672755e+18,1.09138087672755e+18,0.0009797775419428945,12.975358963012695,4.6812238693237305,8.294135093688965
148,286.35205078125,0.021751107648015022,0.020281048491597176,0.0014700581086799502,284077.125,1.0774374887393853e+18,1.0774374887393853e+18,0.0009757475927472115,10.992103576660156,4.680302619934082,6.311801433563232
149,286.34820556640625,0.021806716918945312,0.02033289708197117,0.0014738162280991673,284042.6875,1.0379424125943808e+18,1.0379424125943808e+18,0.0009715569904074073,17.724628448486328,4.679318428039551,13.045310020446777
150,286.20086669921875,0.0217910036444664,0.020318247377872467,0.0014727566158398986,284007.71875,1.0477653120379781e+18,1.0477653120379781e+18,0.0009676913032308221,5.585384368896484,4.678344249725342,0.9070401191711426
151,286.25897216796875,0.021720929071307182,0.020252903923392296,0.0014680252643302083,283972.25,1.065131067406549e+18,1.065131067406549e+18,0.000964118167757988,13.552151679992676,4.677372932434082,8.874778747558594
152,286.1123352050781,0.021640583872795105,0.020177988335490227,0.0014625994954258204,283936.40625,1.0454910409554002e+18,1.0454910409554002e+18,0.0009607283282093704,4.835851192474365,4.676390171051025,0.15946081280708313
153,286.1536865234375,0.021553846076130867,0.02009711042046547,0.0014567372854799032,283900.375,1.0214371625134981e+18,1.0214371625134981e+18,0.0009576597949489951,15.418237686157227,4.675447940826416,10.742789268493652
154,286.0409240722656,0.021455349400639534,0.020005274564027786,0.0014500785619020462,283864.125,1.033846250744578e+18,1.033846250744578e+18,0.000954951741732657,7.020113468170166,4.674566268920898,2.3455471992492676
155,286.0072326660156,0.021351000294089317,0.01990797556936741,0.001443025073967874,283827.59375,1.0245011578227261e+18,1.0245011578227261e+18,0.0009521741885691881,8.758889198303223,4.673647403717041,4.085241794586182
156,285.94970703125,0.021221566945314407,0.019787289202213287,0.00143427902366966,283790.8125,9.922328280097096e+17,9.922328280097096e+17,0.0009491404052823782,10.55792236328125,4.6726603507995605,5.885261535644531
157,285.8572082519531,0.021108660846948624,0.019682008773088455,0.0014266509097069502,283753.75,9.920960075315282e+17,9.920960075315282e+17,0.0009459412540309131,5.592399597167969,4.671641826629639,0.9207575917243958
158,285.8590087890625,0.021026818081736565,0.019605698063969612,0.0014211197849363089,283716.625,1.0013433813574615e+18,1.0013433813574615e+18,0.0009424689342267811,8.968629837036133,4.67058801651001,4.298041343688965
159,285.7659912109375,0.021012721583247185,0.01959255523979664,0.001420163782313466,283679.5625,9.850548037867274e+17,9.850548037867274e+17,0.0009380574338138103,5.075698375701904,4.66943359375,0.40626460313796997
160,285.7535705566406,0.02104872465133667,0.019626131281256676,0.0014225951163098216,283642.4375,9.728217061355684e+17,9.728217061355684e+17,0.0009338899981230497,8.58740520477295,4.668325901031494,3.919079542160034
161,285.73565673828125,0.020880142226815224,0.01946893334388733,0.0014112078351899981,283605.28125,9.781968061669048e+17,9.781968061669048e+17,0.0009315088391304016,10.814083099365234,4.667397499084473,6.14668607711792
162,285.6094970703125,0.020818818360567093,0.019411752000451088,0.0014070671750232577,283568.15625,9.531769380405248e+17,9.531769380405248e+17,0.0009277617791667581,4.718770503997803,4.666335582733154,0.05243486166000366
163,285.62152099609375,0.020771652460098267,0.019367773085832596,0.0014038801891729236,283531.0625,9.29542592004096e+17,9.29542592004096e+17,0.0009237458580173552,12.233309745788574,4.665246963500977,7.568062782287598
164,285.5661926269531,0.020782597362995148,0.019377974793314934,0.0014046196592971683,283493.84375,9.399490572441354e+17,9.399490572441354e+17,0.0009199471096508205,9.325780868530273,4.6641950607299805,4.661585330963135
165,285.4691162109375,0.02076275274157524,0.019359473139047623,0.0014032797189429402,283456.40625,9.231215815368376e+17,9.231215815368376e+17,0.0009155225707218051,5.143171310424805,4.66303825378418,0.4801332652568817
166,285.4924621582031,0.020702054724097252,0.01930287294089794,0.0013991789892315865,283418.75,8.983638782142054e+17,8.983638782142054e+17,0.0009108023368753493,14.02337646484375,4.661815166473389,9.361560821533203
167,285.42022705078125,0.020616985857486725,0.01922355778515339,0.001393430051393807,283380.875,9.13186325748777e+17,9.13186325748777e+17,0.0009062126628123224,9.52924919128418,4.660608291625977,4.868640899658203
168,285.3166198730469,0.020480068400502205,0.019095895811915398,0.0013841744512319565,283342.84375,8.983331606081044e+17,8.983331606081044e+17,0.0009012309601530433,5.139688968658447,4.659333229064941,0.48035573959350586
169,285.3435363769531,0.020319055765867233,0.018945764750242233,0.0013732926454395056,283304.59375,8.735936679468073e+17,8.735936679468073e+17,0.000895993085578084,14.937788009643555,4.658029556274414,10.27975845336914
170,285.286865234375,0.02019866742193699,0.01883350871503353,0.0013651589397341013,283266.125,8.877199184625664e+17,8.877199184625664e+17,0.0008912136545404792,12.308197021484375,4.656810283660889,7.6513872146606445
171,285.1429748535156,0.020046230405569077,0.018691373988986015,0.0013548569986596704,283227.53125,8.664270511569633e+17,8.664270511569633e+17,0.0008855469059199095,4.669172286987305,4.6554856300354,0.013686793856322765
172,285.1852722167969,0.019961630925536156,0.018612492829561234,0.0013491387944668531,283188.71875,8.425692981016658e+17,8.425692981016658e+17,0.0008796018082648516,15.592144966125488,4.654134750366211,10.938010215759277
173,285.2397766113281,0.019801191985607147,0.01846289075911045,0.0013383000623434782,283149.59375,8.545293732717527e+17,8.545293732717527e+17,0.0008757499163039029,24.55904769897461,4.652953624725342,19.90609359741211
174,284.96832275390625,0.019612610340118408,0.0182870551943779,0.0013255557278171182,283110.28125,8.179794764606996e+17,8.179794764606996e+17,0.0008700619218870997,5.941853046417236,4.651552677154541,1.2903002500534058
175,284.984619140625,0.01937146484851837,0.018062205985188484,0.001309259794652462,283070.65625,7.936823310711521e+17,7.936823310711521e+17,0.000864147674292326,15.169538497924805,4.650088310241699,10.519450187683105
176,285.1145324707031,0.019131600856781006,0.017838547006249428,0.0012930537341162562,283030.65625,7.997877817012388e+17,7.997877817012388e+17,0.0008580332505516708,32.75278854370117,4.648583889007568,28.104206085205078
177,284.78753662109375,0.018953464925289154,0.017672449350357056,0.001281017903238535,282990.3125,7.666122173563535e+17,7.666122173563535e+17,0.0008520769770257175,8.295355796813965,4.647168159484863,3.6481876373291016
178,284.723388671875,0.018823277205228806,0.017551055178046227,0.0012722223764285445,282949.65625,7.475529392031007e+17,7.475529392031007e+17,0.0008450685418210924,8.5000638961792,4.645637035369873,3.854426622390747
179,285.6736145019531,0.019304398447275162,0.017999662086367607,0.0013047349639236927,282908.5625,7.393818498218066e+17,7.393818498218066e+17,0.0008360347710549831,106.04579162597656,4.644008636474609,101.40178680419922
180,292.90618896484375,0.0188315249979496,0.017558738589286804,0.0012727853609248996,282866.90625,7.017438488161157e+17,7.017438488161157e+17,0.0008365969406440854,839.5921630859375,4.643284797668457,834.9488525390625
181,291.1363220214844,0.0194989163428545,0.01818102039396763,0.0013178964145481586,282824.90625,9.308041441580155e+17,9.308041441580155e+17,0.0008374775061383843,640.562744140625,4.643001556396484,635.9197387695312
182,292.80560302734375,0.02027430199086666,0.018903998658061028,0.001370301702991128,282782.71875,1.1074252252779643e+18,1.1074252252779643e+18,0.0008358629420399666,790.1732177734375,4.64251184463501,785.5307006835938
183,285.6825256347656,0.02087448164820671,0.019463608041405678,0.0014108725590631366,282739.75,1.241213525267841e+18,1.241213525267841e+18,0.0008335185120813549,65.77920532226562,4.641786575317383,61.137420654296875
184,288.0293273925781,0.02134164609014988,0.01989918202161789,0.0014424652326852083,282695.75,1.3608839585181204e+18,1.3608839585181204e+18,0.0008308957912959158,290.5609130859375,4.6408891677856445,285.9200134277344
185,293.0299072265625,0.022047387436032295,0.020557206124067307,0.0014901808463037014,282651.25,1.444544286447108e+18,1.444544286447108e+18,0.0008301820489577949,783.1740112304688,4.640342712402344,778.53369140625
186,289.18017578125,0.022855134680867195,0.021310366690158844,0.0015447696205228567,282605.90625,1.5293577271957258e+18,1.5293577271957258e+18,0.0008300312329083681,390.21307373046875,4.639849662780762,385.5732116699219
187,285.4241027832031,0.023297250270843506,0.02172260172665119,0.0015746504068374634,282559.3125,1.6214242338359214e+18,1.6214242338359214e+18,0.0008302712230943143,7.849475860595703,4.639237403869629,3.2102386951446533
188,288.86273193359375,0.023414768278598785,0.021832160651683807,0.0015826050657778978,282511.5,1.7065853951368233e+18,1.7065853951368233e+18,0.0008310939301736653,347.3899841308594,4.638522148132324,342.75146484375
189,290.3642578125,0.02337842807173729,0.021798275411128998,0.0015801526606082916,282463.1875,1.774457148407808e+18,1.774457148407808e+18,0.0008322605863213539,495.7715148925781,4.637737274169922,491.1337890625
190,286.59234619140625,0.023180978372693062,0.021614182740449905,0.0015667962143197656,282414.8125,1.8251517812738621e+18,1.8251517812738621e+18,0.0008333864388987422,119.32994079589844,4.636884689331055,114.69305419921875
191,285.91510009765625,0.02304629608988762,0.0214886162430048,0.001557681243866682,282366.46875,1.8638761684872724e+18,1.8638761684872724e+18,0.0008342199143953621,53.24534606933594,4.635969161987305,48.609378814697266
192,288.6939392089844,0.023167327046394348,0.021601468324661255,0.0015658580232411623,282318.375,1.8940963830156493e+18,1.8940963830156493e+18,0.0008348051342181861,332.3082275390625,4.635087966918945,327.6731262207031
193,288.02276611328125,0.023425618186593056,0.02184230461716652,0.0015833151992410421,282270.875,1.913515407629615e+18,1.913515407629615e+18,0.0008355851168744266,266.7080078125,4.63441801071167,262.0735778808594
194,285.53875732421875,0.02374826744198799,0.022143151611089706,0.0016051167622208595,282224.0625,1.9321499306971628e+18,1.9321499306971628e+18,0.0008359273197129369,19.51140594482422,4.633824348449707,14.877581596374512
195,286.3907470703125,0.024028273299336433,0.02240423671901226,0.0016240352997556329,282178.0,1.9522736048255795e+18,1.9522736048255795e+18,0.0008352500735782087,105.9050064086914,4.633108139038086,101.27189636230469
196,287.799560546875,0.0241626538336277,0.022529536858201027,0.0016331153456121683,282132.4375,1.9674814999051633e+18,1.9674814999051633e+18,0.0008335796883329749,249.15255737304688,4.632211685180664,244.5203399658203
197,286.34979248046875,0.024138247594237328,0.02250678651034832,0.0016314649255946279,282087.5,1.9743359928316723e+18,1.9743359928316723e+18,0.0008310605771839619,108.10247039794922,4.6311354637146,103.4713363647461
198,285.3013916015625,0.02400311641395092,0.022380787879228592,0.001622332027181983,282043.09375,1.9747055661775585e+18,1.9747055661775585e+18,0.0008277901215478778,8.341673851013184,4.62990665435791,3.7117669582366943
199,286.48931884765625,0.023853834718465805,0.022241590544581413,0.0016122466186061502,281999.1875,1.9753706332734095e+18,1.9753706332734095e+18,0.0008238288573920727,132.2039794921875,4.628579616546631,127.57539367675781
200,286.665283203125,0.02372162789106369,0.02211831510066986,0.001603313721716404,281955.90625,1.9835371184497623e+18,1.9835371184497623e+18,0.000819306296762079,153.9705047607422,4.627249717712402,149.34326171875
201,285.35528564453125,0.023644404485821724,0.022046314552426338,0.0015980899333953857,281913.21875,1.9938793996985303e+18,1.9938793996985303e+18,0.0008143238956108689,26.597360610961914,4.625957489013672,21.971403121948242
202,285.3956604003906,0.023633183911442757,0.022035855799913406,0.0015973247354850173,281871.0625,1.994906343558873e+18,1.994906343558873e+18,0.0008088697795756161,34.80194091796875,4.624656677246094,30.17728614807129
203,286.208740234375,0.023611482232809067,0.02201562374830246,0.0015958588337525725,281829.1875,1.9895426509606748e+18,1.9895426509606748e+18,0.0008031180477701128,120.9444808959961,4.623312473297119,116.3211669921875
204,285.59716796875,0.02348974719643593,0.021902108564972878,0.0015876394463703036,281787.59375,1.988749490760188e+18,1.988749490760188e+18,0.0007973068277351558,64.63389587402344,4.62191915512085,60.0119743347168
205,284.9497985839844,0.023348672315478325,0.02177056483924389,0.0015781082911416888,281746.34375,1.984969094905987e+18,1.984969094905987e+18,0.0007911007269285619,5.105005741119385,4.6204633712768555,0.484542578458786
206,285.44183349609375,0.0232384130358696,0.021667758002877235,0.0015706546837463975,281705.40625,1.9730260621661307e+18,1.9730260621661307e+18,0.0007846135413274169,60.14581298828125,4.618993759155273,55.52682113647461
207,285.53753662109375,0.023162392899394035,0.021596869453787804,0.0015655234456062317,281664.5,1.9687379668178043e+18,1.9687379668178043e+18,0.0007783022010698915,74.61627960205078,4.617568016052246,69.99871063232422
208,284.9210205078125,0.023121947422623634,0.021559150889515877,0.0015627973480150104,281623.375,1.9647951181205996e+18,1.9647951181205996e+18,0.0007722273003309965,17.676902770996094,4.616192817687988,13.060708999633789
209,284.84527587890625,0.023055145516991615,0.021496860310435295,0.0015582822961732745,281582.15625,1.962891451176059e+18,1.962891451176059e+18,0.0007662909920327365,14.742671966552734,4.614806652069092,10.1278657913208
210,285.18731689453125,0.022921960800886154,0.021372685208916664,0.001549278269521892,281540.625,1.959444482222981e+18,1.959444482222981e+18,0.0007605768623761833,54.11468505859375,4.613386154174805,49.50130081176758
211,284.9501953125,0.022735245525836945,0.021198580041527748,0.0015366636216640472,281498.625,1.9507562787792486e+18,1.9507562787792486e+18,0.0007552285096608102,36.4078483581543,4.611949443817139,31.7958984375
212,284.5700988769531,0.02258123643696308,0.02105497196316719,0.0015262634260579944,281456.28125,1.9356565481560474e+18,1.9356565481560474e+18,0.0007503054803237319,4.906485080718994,4.610537052154541,0.29594799876213074
213,284.7185363769531,0.02252558059990406,0.021003076806664467,0.0015225023962557316,281413.78125,1.914738064559702e+18,1.914738064559702e+18,0.0007458955515176058,26.372690200805664,4.609218120574951,21.763471603393555
214,284.78594970703125,0.02252197451889515,0.020999716594815254,0.0015222540823742747,281371.09375,1.8898724716585943e+18,1.8898724716585943e+18,0.0007421863847412169,39.89078140258789,4.6080546379089355,35.2827262878418
215,284.44677734375,0.022533908486366272,0.02101084776222706,0.0015230609569698572,281328.0625,1.8651536635597947e+18,1.8651536635597947e+18,0.0007391295512206852,12.686030387878418,4.607017517089844,8.079012870788574
216,284.34124755859375,0.022569689899683,0.021044205874204636,0.001525483326986432,281284.8125,1.8424123271235502e+18,1.8424123271235502e+18,0.0007364165503531694,8.55391788482666,4.606001853942871,3.947916030883789
217,284.4730224609375,0.022572072222828865,0.021046429872512817,0.0015256452606990933,281241.21875,1.8204821553906975e+18,1.8204821553906975e+18,0.0007337707793340087,28.26900863647461,4.604928016662598,23.664081573486328
218,284.32513427734375,0.022490933537483215,0.020970778539776802,0.0015201594214886427,281197.53125,1.798239584916603e+18,1.798239584916603e+18,0.0007310205837711692,20.4788818359375,4.603763103485107,15.87511920928955
219,284.0943298339844,0.02234804630279541,0.02083754353225231,0.0015105016063898802,281153.6875,1.7757911308902072e+18,1.7757911308902072e+18,0.0007280833087861538,4.745161533355713,4.602513790130615,0.14264754951000214
220,284.1298522949219,0.02220882475376129,0.020707733929157257,0.0015010930364951491,281109.84375,1.754239328596263e+18,1.754239328596263e+18,0.0007249447517096996,15.529260635375977,4.60122013092041,10.928040504455566
221,284.1225891113281,0.022088298574090004,0.020595349371433258,0.0014929461758583784,281066.15625,1.7345544970462822e+18,1.7345544970462822e+18,0.0007216319791041315,21.745349884033203,4.599938869476318,17.145410537719727
222,283.9154052734375,0.021983731538057327,0.02049785479903221,0.0014858797658234835,281022.59375,1.7152112012956795e+18,1.7152112012956795e+18,0.0007181281689554453,7.839632511138916,4.598696231842041,3.240936279296875
223,283.8420104980469,0.02191542088985443,0.020434154197573662,0.001481265528127551,280979.25,1.6929924077605356e+18,1.6929924077605356e+18,0.00071432173717767,7.398660659790039,4.597464561462402,2.8011958599090576
224,283.8684387207031,0.021863244473934174,0.020385507494211197,0.001477741403505206,280936.0,1.666898935249109e+18,1.666898935249109e+18,0.0007101288647390902,17.234840393066406,4.5962042808532715,12.638635635375977
225,283.7326965332031,0.02178953029215336,0.020316772162914276,0.0014727588277310133,280892.875,1.638316580729258e+18,1.638316580729258e+18,0.000705595884937793,11.204400062561035,4.594892978668213,6.609507083892822
226,283.5908508300781,0.021699298173189163,0.020232638344168663,0.0014666630886495113,280849.75,1.6083342730293412e+18,1.6083342730293412e+18,0.0007008242537267506,4.778703689575195,4.59352970123291,0.18517394363880157
227,283.5921325683594,0.021614788100123405,0.020153827965259552,0.001460956409573555,280806.40625,1.5780166142829527e+18,1.5780166142829527e+18,0.0006958878948353231,12.696797370910645,4.592132568359375,8.10466480255127
228,283.49432373046875,0.021496903151273727,0.020043911412358284,0.0014529918553307652,280763.0,1.5497584782543421e+18,1.5497584782543421e+18,0.0006908034556545317,10.670843124389648,4.590731143951416,6.080111980438232
229,283.36444091796875,0.021355511620640755,0.019912077113986015,0.0014434326440095901,280719.375,1.5223460041064448e+18,1.5223460041064448e+18,0.0006854907842352986,5.493499279022217,4.589318752288818,0.904180645942688
230,283.3960876464844,0.02124108374118805,0.019805382937192917,0.0014356988249346614,280675.59375,1.4945928187928904e+18,1.4945928187928904e+18,0.0006802299176342785,16.384958267211914,4.587892055511475,11.797065734863281
231,283.2610778808594,0.021215874701738358,0.019781870767474174,0.0014340035850182176,280631.46875,1.4661502396887204e+18,1.4661502396887204e+18,0.0006759307580068707,10.266258239746094,4.586520195007324,5.679738521575928
232,283.1832580566406,0.021192410960793495,0.01975998841226101,0.0014324221992865205,280587.1875,1.4643764525552108e+18,1.4643764525552108e+18,0.0006712896865792572,7.20524787902832,4.585146903991699,2.620100736618042
233,283.10626220703125,0.021102838218212128,0.01967647112905979,0.0014263689517974854,280542.625,1.4592688087273308e+18,1.4592688087273308e+18,0.0006669351714663208,4.922866344451904,4.58383321762085,0.3390333354473114
234,283.07080078125,0.02103840559720993,0.019616393372416496,0.0014220152515918016,280497.59375,1.4474347650775777e+18,1.4474347650775777e+18,0.000663036189507693,7.381507396697998,4.582557201385498,2.7989501953125
235,282.99017333984375,0.02101917378604412,0.019598456099629402,0.001420718850567937,280452.03125,1.4328166205473423e+18,1.4328166205473423e+18,0.0006595849990844727,5.431619167327881,4.581292629241943,0.8503265380859375
236,282.92364501953125,0.021015571430325508,0.01959509216248989,0.001420478569343686,280406.09375,1.4163027805318676e+18,1.4163027805318676e+18,0.0006564615177921951,5.046264171600342,4.5800371170043945,0.46622714400291443
237,282.8709716796875,0.02096717804670334,0.019549967721104622,0.0014172089286148548,280359.75,1.3990001783624172e+18,1.3990001783624172e+18,0.0006535111460834742,6.385622024536133,4.57880163192749,1.806820273399353
238,282.7858581542969,0.02086859568953514,0.019458048045635223,0.0014105462469160557,280313.15625,1.3816603302365757e+18,1.3816603302365757e+18,0.0006505484343506396,4.760527610778809,4.577582359313965,0.1829453557729721
239,282.7264099121094,0.02079790085554123,0.019392134621739388,0.001405768794938922,280266.5,1.3632053024422625e+18,1.3632053024422625e+18,0.0006473819958046079,5.680352210998535,4.576347351074219,1.1040047407150269
240,282.660888671875,0.020756734535098076,0.019353745505213737,0.0014029869344085455,280219.78125,1.3442209972381286e+18,1.3442209972381286e+18,0.0006439387798309326,5.9056267738342285,4.575064659118652,1.3305619955062866
241,282.58099365234375,0.020703773945569992,0.019304368644952774,0.0013994083274155855,280173.0625,1.325341557955494e+18,1.325341557955494e+18,0.0006401718128472567,4.738004684448242,4.573718547821045,0.1642860621213913
242,282.5251159667969,0.020622493699193,0.019228579476475716,0.0013939160853624344,280126.28125,1.3062537612193956e+18,1.3062537612193956e+18,0.0006359340040944517,6.146819591522217,4.5723137855529785,1.5745056867599487
243,282.438232421875,0.02048991620540619,0.019104957580566406,0.0013849566457793117,280079.5,1.2878554957128663e+18,1.2878554957128663e+18,0.0006311552715487778,4.638923168182373,4.570855140686035,0.06806812435388565
244,282.3873291015625,0.0203279796987772,0.018953965976834297,0.0013740146532654762,280032.71875,1.2702538263806607e+18,1.2702538263806607e+18,0.0006259825895540416,6.794327259063721,4.569333553314209,2.2249937057495117
245,282.314453125,0.02017012983560562,0.018806783482432365,0.001363349030725658,279985.8125,1.256392970484056e+18,1.256392970484056e+18,0.0006208376144059002,6.371447563171387,4.567754745483398,1.8036926984786987
246,282.2279357910156,0.019899271428585052,0.018554234877228737,0.0013450384140014648,279938.75,1.2461224323690004e+18,1.2461224323690004e+18,0.0006151392590254545,4.809208869934082,4.56610631942749,0.24310246109962463
247,282.19964599609375,0.019682949408888817,0.018352540209889412,0.0013304095482453704,279891.46875,1.2329100134548767e+18,1.2329100134548767e+18,0.0006090557435527444,9.108482360839844,4.564408779144287,4.544074058532715
248,282.31201171875,0.020079955458641052,0.01872272416949272,0.0013572343159466982,279843.65625,1.2057436924726477e+18,1.2057436924726477e+18,0.0006032649544067681,25.860694885253906,4.56278133392334,21.29791259765625
249,282.15643310546875,0.01985924132168293,0.01851690746843815,0.0013423359487205744,279795.90625,1.196319640872026e+18,1.196319640872026e+18,0.0006016765255481005,17.1247615814209,4.5621209144592285,12.562640190124512
250,281.9964904785156,0.02036781795322895,0.018991099670529366,0.0013767167693004012,279747.78125,1.1832740728474173e+18,1.1832740728474173e+18,0.0005998050328344107,4.698643684387207,4.561331272125244,0.13731251657009125
251,281.98748779296875,0.020764166489243507,0.019360657781362534,0.0014035075437277555,279699.34375,1.1732841850753516e+18,1.1732841850753516e+18,0.0005967043689452112,7.661466598510742,4.560245990753174,3.1012208461761475
252,281.9182434082031,0.02080904319882393,0.01940249837934971,0.001406545052304864,279650.625,1.169249664596181e+18,1.169249664596181e+18,0.0005926595185883343,5.788163661956787,4.558889389038086,1.2292742729187012
253,281.8514709472656,0.02063176967203617,0.019237201660871506,0.0013945660321041942,279601.5625,1.1692210772938588e+18,1.1692210772938588e+18,0.0005880498210899532,4.909351825714111,4.557326793670654,0.35202518105506897
254,281.81451416015625,0.020485810935497284,0.019101113080978394,0.001384697505272925,279552.0625,1.1701725671687455e+18,1.1701725671687455e+18,0.000583226268645376,6.798279762268066,4.555648326873779,2.242631435394287
255,281.75341796875,0.020510869100689888,0.019124483689665794,0.0013863869244232774,279502.09375,1.1686747574538076e+18,1.1686747574538076e+18,0.0005785748944617808,5.708433628082275,4.5539751052856445,1.1544584035873413
256,281.6900939941406,0.020616784691810608,0.01922324113547802,0.001393544371239841,279451.65625,1.1607596481233551e+18,1.1607596481233551e+18,0.0005744855152443051,4.680915832519531,4.552428722381592,0.12848694622516632
257,281.63519287109375,0.02058807760477066,0.01919647306203842,0.0013916031457483768,279400.875,1.1447728177749688e+18,1.1447728177749688e+18,0.0005712374113500118,6.013352394104004,4.551087856292725,1.4622642993927002
258,281.5523376464844,0.02044740691781044,0.019065314903855324,0.0013820939930155873,279349.84375,1.1238996890332692e+18,1.1238996890332692e+18,0.0005687123630195856,5.620753765106201,4.549924850463867,1.070828914642334
259,281.4678955078125,0.020420795306563377,0.01904049701988697,0.0013802973553538322,279298.59375,1.1019765954065203e+18,1.1019765954065203e+18,0.0005663757910951972,4.627268314361572,4.5488128662109375,0.07845564931631088
260,281.40179443359375,0.020497772842645645,0.019112270325422287,0.0013855054276064038,279247.1875,1.0792781399237591e+18,1.0792781399237591e+18,0.0005636248388327658,5.041842460632324,4.547602653503418,0.494239866733551
261,281.3202209472656,0.020499782636761665,0.019114142283797264,0.0013856400037184358,279195.6875,1.0527680899443589e+18,1.0527680899443589e+18,0.0005600611912086606,4.676079273223877,4.546208381652832,0.12987111508846283
262,281.29156494140625,0.020407695323228836,0.01902828924357891,0.0013794063124805689,279144.15625,1.0221339092881244e+18,1.0221339092881244e+18,0.000555655627977103,10.489688873291016,4.5446457862854,5.945043087005615
263,281.2669677734375,0.020558711141347885,0.019169103354215622,0.0013896082527935505,279092.4375,1.0254287333197087e+18,1.0254287333197087e+18,0.0005514205549843609,12.11817741394043,4.5432233810424805,7.574954509735107
264,281.17022705078125,0.020796023309230804,0.01939038187265396,0.0014056423678994179,279040.53125,1.0051806769383997e+18,1.0051806769383997e+18,0.0005465687718242407,8.467506408691406,4.541674613952637,3.9258315563201904
265,281.22955322265625,0.020844658836722374,0.01943572238087654,0.0014089358737692237,278988.46875,9.632223511497933e+17,9.632223511497933e+17,0.0005421362002380192,23.55849838256836,4.540192604064941,19.0183048248291
266,281.0601501464844,0.020635128021240234,0.01924033649265766,0.0013947919942438602,278936.40625,9.927475368904622e+17,9.927475368904622e+17,0.0005390270380303264,9.921661376953125,4.53898286819458,5.382678031921387
267,281.0152893066406,0.0209595188498497,0.019542794674634933,0.001416724524460733,278883.84375,9.92836872210219e+17,9.92836872210219e+17,0.0005359516362659633,9.063968658447266,4.537718772888184,4.526249885559082
268,280.9347229003906,0.02135551907122135,0.019912028685212135,0.0014434917829930782,278830.59375,9.808745292973998e+17,9.808745292973998e+17,0.0005331157590262592,5.54702091217041,4.536355018615723,1.0106658935546875
269,280.9183654785156,0.02128688432276249,0.01984803006052971,0.0014388520503416657,278776.65625,9.711215862811197e+17,9.711215862811197e+17,0.0005308924592100084,10.622821807861328,4.534976959228516,6.087844371795654
270,280.77984619140625,0.020835302770137787,0.01942698284983635,0.0014083199203014374,278722.25,9.688137113744179e+17,9.688137113744179e+17,0.0005291457055136561,4.699347019195557,4.53364372253418,0.16570331156253815
271,280.7704162597656,0.02092253975570202,0.01950833946466446,0.0014141988940536976,278667.65625,9.614719973578506e+17,9.614719973578506e+17,0.0005273626302368939,9.516304016113281,4.532305717468262,4.9839982986450195
272,280.67657470703125,0.021255221217870712,0.019818542525172234,0.0014366761315613985,278613.0,9.469207168784794e+17,9.469207168784794e+17,0.0005253592971712351,5.386692047119141,4.530969619750977,0.8557222485542297
273,280.6207275390625,0.021186139434576035,0.01975412294268608,0.0014320170739665627,278558.53125,9.30251639565058e+17,9.30251639565058e+17,0.0005233915871940553,7.266505241394043,4.529722690582275,2.7367827892303467
274,280.5625305175781,0.02110474556684494,0.01967821642756462,0.0014265303034335375,278504.46875,9.177198183485276e+17,9.177198183485276e+17,0.0005212833639234304,8.508358001708984,4.528567790985107,3.979790449142456
275,280.4715576171875,0.021305222064256668,0.019865138456225395,0.0014400859363377094,278450.625,9.085015128612536e+17,9.085015128612536e+17,0.0005181395681574941,4.715667724609375,4.527303218841553,0.18836429715156555
276,280.4375,0.021287498995661736,0.01984860561788082,0.001438892213627696,278396.9375,8.981120900514447e+17,8.981120900514447e+17,0.0005136624677106738,7.809676647186279,4.525752544403076,3.283924102783203
277,280.33056640625,0.021095363423228264,0.019669458270072937,0.0014259055024012923,278343.3125,8.847625070617559e+17,8.847625070617559e+17,0.0005082951975055039,4.77077579498291,4.523946762084961,0.2468290776014328
278,280.3084411621094,0.02112145535647869,0.01969379186630249,0.001427659997716546,278289.46875,8.71672477535699e+17,8.71672477535699e+17,0.0005027586012147367,9.122522354125977,4.522115707397461,4.600406646728516
279,280.2327575683594,0.021199114620685577,0.01976621150970459,0.0014329032273963094,278235.28125,8.673481670231327e+17,8.673481670231327e+17,0.0004979840596206486,7.016030311584473,4.52052640914917,2.495504140853882
280,280.1578674316406,0.021270692348480225,0.019832948222756386,0.001437741913832724,278180.6875,8.545499203952968e+17,8.545499203952968e+17,0.000494044681545347,5.908612251281738,4.519046783447266,1.3895655870437622
281,280.1197509765625,0.021321330219507217,0.019880156964063644,0.0014411731390282512,278125.65625,8.36529749449769e+17,8.36529749449769e+17,0.000490859616547823,9.147911071777344,4.51767635345459,4.630234718322754
282,280.0198059082031,0.021406296640634537,0.01995936594903469,0.0014469310408458114,278070.46875,8.314722708399063e+17,8.314722708399063e+17,0.0004885523812845349,4.750685214996338,4.516552448272705,0.23413260281085968
283,279.98553466796875,0.0215854961425066,0.020126445218920708,0.0014590517384931445,278015.125,8.246344080267674e+17,8.246344080267674e+17,0.0004860942717641592,6.647924423217773,4.515347480773926,2.1325767040252686
284,279.9123229980469,0.021693656221032143,0.020227286964654922,0.0014663701876997948,277959.46875,8.134901704844902e+17,8.134901704844902e+17,0.00048312157741747797,5.467689037322998,4.513940334320068,0.9537487030029297
285,279.85516357421875,0.021735111251473427,0.020265936851501465,0.0014691752148792148,277903.625,8.05303756659884e+17,8.05303756659884e+17,0.00047975260531529784,5.9493513107299805,4.512446403503418,1.4369046688079834
286,279.79510498046875,0.021754732355475426,0.020284241065382957,0.0014704907080158591,277847.71875,8.0093876421709e+17,8.0093876421709e+17,0.00047613767674192786,5.870920658111572,4.510918617248535,1.3600021600723267
287,279.71807861328125,0.021721351891756058,0.020253129303455353,0.0014682223554700613,277791.5625,7.929621509549588e+17,7.929621509549588e+17,0.000472275452921167,4.747876167297363,4.509270668029785,0.2386055737733841
288,279.6763610839844,0.02171972580254078,0.020251616835594177,0.0014681085012853146,277735.0625,7.835729401290424e+17,7.835729401290424e+17,0.0004685458552557975,7.171043872833252,4.507613658905029,2.6634302139282227
289,279.6019592285156,0.021767975762486458,0.020296607166528702,0.001471365918405354,277678.28125,7.809692965944689e+17,7.809692965944689e+17,0.00046547444071620703,5.428218364715576,4.506158828735352,0.9220596551895142
290,279.532470703125,0.02181687206029892,0.020342200994491577,0.0014746722299605608,277621.0625,7.726638606361559e+17,7.726638606361559e+17,0.0004627822490874678,4.788139343261719,4.504735469818115,0.28340381383895874
291,279.49591064453125,0.02186567150056362,0.020387684926390648,0.0014779834309592843,277563.28125,7.602114791347323e+17,7.602114791347323e+17,0.0004603239649441093,7.9109697341918945,4.50333309173584,3.4076364040374756
292,279.4947509765625,0.02196948230266571,0.02048448845744133,0.0014849986182525754,277505.40625,7.566370355523092e+17,7.566370355523092e+17,0.0004580062231980264,13.420672416687012,4.502062797546387,8.918609619140625
293,279.4167175292969,0.0220309067517519,0.020541761070489883,0.001489145215600729,277447.15625,7.432379745393705e+17,7.432379745393705e+17,0.00045539860730059445,12.478052139282227,4.500589370727539,7.9774627685546875
294,279.30072021484375,0.022260284051299095,0.020755626261234283,0.0015046577900648117,277388.8125,7.44612226635137e+17,7.44612226635137e+17,0.0004526010307017714,5.429307460784912,4.499223232269287,0.930084228515625
295,279.254638671875,0.022397436201572418,0.02088351361453533,0.001513922237791121,277330.375,7.421364013272924e+17,7.421364013272924e+17,0.0004493888991419226,6.2270588874816895,4.497756481170654,1.7293022871017456
296,279.18524169921875,0.022386617958545685,0.020873425528407097,0.0015131962718442082,277271.5625,7.3649762466372e+17,7.3649762466372e+17,0.0004459225165192038,5.782395362854004,4.4962005615234375,1.2861945629119873
297,279.1311340332031,0.0224760714918375,0.020956819877028465,0.0015192512655630708,277212.40625,7.330537480870953e+17,7.330537480870953e+17,0.00044240482384338975,6.181997299194336,4.494661331176758,1.6873358488082886
298,279.06365966796875,0.022589989006519318,0.021063053980469704,0.0015269375871866941,277152.84375,7.307611976237056e+17,7.307611976237056e+17,0.0004388647503219545,5.0529913902282715,4.49313497543335,0.5598565936088562
299,279.0100402832031,0.02268620766699314,0.021152758970856667,0.0015334469499066472,277092.53125,7.243254811884257e+17,7.243254811884257e+17,0.0004352868418209255,5.885411739349365,4.4915361404418945,1.3938754796981812
